1000
78.92
18.27
45
79.15
43.82
47.56
16.34
16.47
82.46
17.58
67.18
63.78
26.13
30.85
73.33
36.03
86.56
1.603
75.09
28.93
34.63
93.61
48.12
91.85
80.49
17.11
64.55
62.24
46.45
13.32
77.35
65.28
96.45
15.75
52.25
5.155
73.44
78.07
27.83
4.668
78.77
43.53
11.16
59.72
55.84
15.03
71.99
55.95
86.96
97.46
89.56
21.59
11.9
63.85
74.38
87.64
76.84
57.04
3.391
15.58
67.55
24.73
22.06
57.98
98.09
71.12
35.1
41.84
49.83
81.77
57
19.61
40.55
28.14
28.81
22.74
97.49
12.75
78.57
57.46
26.37
75.53
22.69
74.82
98.49
23.2
91.53
13.25
23.34
44
53.05
60.5
74.65
87.62
31.58
27.27
61.19
34.13
37.47
15.23
90.81
36.82
44.28
11.38
39.21
10.67
75.11
52.66
8.749
30.29
16.02
90.96
50.62
74.48
14.73
17.51
5.174
37.39
75.15
20.61
81.5
72.72
53.03
51.78
53.04
90.48
2.937
4.966
45.44
96.98
0.8545
83.59
39.65
28.44
97.49
69.71
20.84
31.46
30.35
18.96
89.38
28.68
26.19
21.43
88.51
79.98
86.53
40.34
75.36
89.17
86.96
61.37
27.17
18.26
82.42
84.87
45
24.04
86.83
39.66
59.84
24.64
82.85
16.99
33.69
37.84
60.28
98.83
73.09
19.99
92.18
47.95
76.94
48.3
63.59
38.1
57.36
64.82
14.33
15.16
54.01
57.2
97.55
91.03
59.71
80.14
90.22
30.15
11.46
90.6
3.365
4.733
8.595
93.43
65.59
98.6
73.36
88.47
20.46
32.74
63.06
5.788
24.16
32.15
99.68
80.71
22.93
66.72
62.59
53.56
5.981
39.32
73.01
57.86
45.36
59.43
17.2
66.67
44.08
40.7
19.71
89.21
54.86
90.84
67.82
14.87
26.95
21.49
93.49
76.56
19.8
98.66
97.96
41.99
1.033
21.67
22.77
91.79
63.11
44.98
70.29
90.7
44.59
4.991
61.7
54.78
87.18
10.31
68.86
1.941
6.436
55.55
64.39
76.04
44.45
30.88
15.96
64.88
88.54
80.94
75.52
39.8
62.6
97.68
84.33
32.21
40.76
92.97
95.22
89.31
43.14
33.65
15.03
7.821
4.639
53.09
78.91
25.02
93.61
78.74
82.51
3.622
80.94
84.15
31.37
99.27
80.49
18.12
14.46
40.07
30.51
13.06
25.52
80.28
58.61
30.86
26.27
67.47
19.35
34.33
39.33
39.96
79.44
20.47
48.92
58.65
61.18
44.24
24.85
96.13
29.17
62.37
12.84
91.33
9.178
36.74
60.81
72.89
33.86
23.57
95.01
63.32
39.09
96.65
26.58
53.62
17.03
69.97
29.19
85.42
51.59
35.44
29.94
58.85
82.75
22.76
47.62
81.89
92.59
54.05
28.82
82.79
83.73
96.95
54.05
21.41
84.41
22.39
54.86
11.14
23.84
98.37
78.34
66.85
26.16
9.546
36.64
18.42
1.889
91.33
84.2
94.25
25.94
59.35
5.988
6.941
4.468
88.09
92.54
25.38
19.39
34.08
73.49
94.95
58.29
80.05
46.15
11.71
93.75
6.137
40.64
26.96
76.82
69.68
58.66
55.11
11.96
27.08
36.56
92.34
27.46
40.03
48.33
54.27
67.9
89.42
40.84
12.88
85.43
95.16
3.482
89.38
40.74
78.58
14.35
35.64
31.01
76.96
91.04
79.01
43.66
17.5
97.82
56.8
78.15
29.47
2.379
0.4364
94.25
52.26
0.3877
24.23
60.1
12.81
58.48
89.21
0.4742
59.36
43.26
59.26
12.65
11.75
71.65
72.71
14.98
7.51
83.06
91.96
51.46
78.3
14.22
2.931
76.94
21.17
19.76
76.07
46.05
42.22
89.9
8.248
21.4
8.706
63.48
92.76
48.02
69.49
98.65
9.879
41.9
47.56
60.25
73.56
89.72
46.94
33.25
14.83
81.4
14.55
56.75
23.35
15.71
61.54
24.11
17.12
26.84
97.87
5.83
86.88
63.46
4.407
64.08
88.49
94.13
91.18
9.168
6.406
88.64
33.2
77.99
58.62
90.72
44.15
90.76
93.15
44.26
41.64
53.68
16.32
87.97
65.83
95.93
55.63
13.98
69.47
12.82
27.54
28.81
69.63
12.38
37.6
96.71
75.44
91.95
78.69
10.74
91.25
54.62
79.68
46.52
42.33
64.49
7.243
71.03
44.56
70.72
29.61
18.34
62.49
94.73
27.62
54.02
23.34
30.88
16.23
95.45
80.38
89.25
66.05
72.57
56.22
39.38
50.59
56.5
37.13
66.48
84.17
83.83
78.36
0.1613
57.93
91.97
90.95
82.07
9.005
84.26
25.76
18.91
16.76
74.49
64.9
32.11
57.08
82.12
4.647
36.76
25.8
90.7
55.14
73.9
5.053
96.63
83.1
63.39
53.67
91.55
97.24
86.57
20.08
61.18
25.2
85.46
14
48.38
12.83
36.04
31.22
92.57
62.21
38.44
82.96
18.61
70.75
30.48
10.48
75.11
10.49
14.46
40.16
25.04
39.12
41.13
27.98
52.98
49.11
95.74
36.88
46.54
4.281
34.37
20.16
78.84
2.162
47.81
54.47
87.5
32.39
50.3
96.73
33.41
36.88
30.57
87.35
86.22
38.81
54.88
7.577
82.08
0.2323
12.15
58.19
32.29
55.5
61.34
52.83
56.63
14.2
97.93
51.5
18.36
23.67
72.66
78.74
86.97
8.582
28.65
5.462
44
35.93
79.41
8.45
97.85
86.39
2.795
73.96
39.09
65.73
70.97
69.03
29.96
75.45
74.13
85.11
79.29
91.61
84.56
83.12
70.91
14.68
57.86
90.41
55.59
16.01
13.07
42.86
35.92
46.12
93.82
19.44
88.66
12.56
89.8
13.27
45.99
1.101
73.11
76
88.82
17.79
56.93
1.597
27.55
4.295
79.35
65.94
68.83
92.36
45.2
59.54
58.64
17.92
30.87
43.6
46.79
19.18
77.08
38.2
13.37
87.04
78.2
53.84
87.52
57.03
35.13
32.3
64.16
14.57
21.7
53.49
31.68
62.15
70.79
99.38
85.6
82.99
77.47
74.77
46.02
76.66
53.28
32.32
57.8
91.47
14.04
83.15
3.453
46.01
20.35
88.84
4.595
52.46
62.11
18.73
93.55
93.47
69.19
3.18
31.58
30.38
94.88
61.06
18.28
46.67
2.519
95.71
14.79
8.637
49.84
30.21
77.15
19.59
32.31
22.58
88.41
60.66
93.16
8.439
35.3
79.65
84.61
52.02
9.732
66.2
98.47
81.97
12.75
68.25
55.12
81.86
72.06
59.64
55.69
36.43
95.93
42.5
79.33
40.53
26.29
39.94
6.372
30.69
67.56
34.91
52.48
54.39
26.93
12.19
88.44
34.51
59.97
46.77
31.43
23.7
40.45
49.69
8.565
19.66
67.82
48.88
3.373
39.61
18.48
13.07
42.55
2.614
19.46
85.18
65.33
17.72
62.69
85.02
1.607
37.31
70.18
92.64
99.72
49.74
10.37
65
96.11
25.36
31.5
36.45
1.183
53.84
21.09
39.32
46.76
7.234
67.25
56.31
35.79
85.5
88.92
10.31
80.6
14.46
1.306
24.45
3.377
99.75
82.52
93.36
21.5
30.46
70.23
88.55
72.36
33.67
51.63
41.63
74.9
89.89
28.03
99.57
78.56
86.11
73.25
13.51
53.51
37.47
7.343
33.64
15.67
87.83
87.02
59.48
3.746
39.49
73.63
56.6
95.99
26.08
28.08
61.78
73.98
58.33
79.53
49.75
74.86
64.29
75.18
5.103
86.4
67.69
65.32
50.15
89.57
86.09
45.43
87.86
20.9
63.73
87.47
39.93
87.4
32.53
75.79
34.92
71.67
74.07
53.69
46.87
64.67
61.18
78.07
5.786
15.44
1.525
8.762
24.82
31.16
31.07
92.16
24.89
29.43
96.7
65.5
47.3
96.55
36.44
4.031
27.5
57.5
4.959
77.61
14.28
50.66
44.93
67.44
26.96
48.58
10.89
91.44
50.99
51.98
32
78.26
68.3
93.79
49.62
81.32
29.57
87.93
79.45
9.985
42.09
21.54
77.82
21.62
75.06
36.68
10.23
80.65
87.24
69.89
50.62
65.21
15.87
35.88
16.86
79.46
49.62
75.17
86.05
34.13
92.14
41.65
11.17
68.75
70.73
7.519
15.43
6.824
74.58
98.26
5.332
48.05
88.25
2.307
42.96
56.39
31.46
42
13.27
45.88
2.181
11.77
98.55
93.95
70.72
